#txt,maxent
12
chybi_infszu
chybi_podmet
chybi_sum
chybi_vfin
inf_po_vm_neni_na_konci
infszu_neni_na_konci
neshoda_podmet_prisudek
pp_bez_av
pp_neni_na_konci
vice_osob
vice_vfin
vv_sloveso_neni_na_konci
5
1
2
3
4
5
5 0 1 2 3 4 
5 0 1 2 3 4 
5 0 1 2 3 4 
5 0 1 2 3 4 
5 0 1 2 3 4 
5 0 1 2 3 4 
5 0 1 2 3 4 
5 0 1 2 3 4 
5 0 1 2 3 4 
5 0 1 2 3 4 
5 0 1 2 3 4 
5 0 1 2 3 4 
60
-0.076779540843612423262
0.1924080108145868051
-0.050833460540905484049
0.011539102592805709768
-0.076334112022874586745
-0.18533639988841857371
-0.078475031670900211034
0.17773457934082842469
0.043679782195411055723
0.04239707002307820799
-0.14162488635304379403
0.21448972246958555865
-0.039207858848906214366
-0.037262093545895560998
0.0036051162782656893599
0.12049105437898745274
0.10055674332590076869
-0.16610897764883891803
-0.092480978334114088968
0.037542158278062037757
0.10129779579695254166
-0.084959337950170951692
0.37512871033874423121
-0.10655137812095859251
-0.28491579006456740908
0.0048510783250026185548
-0.038127675179587511289
0.16416974065622363943
-0.075105312414346078742
-0.055787831387292610708
0.011724337994232669757
-0.0061955233322946133556
0.28225784568034639754
0.200321487792763403
-0.4881081481350352802
0.045307823093266974546
0.034092274188924166778
0.25121468169815897031
0.0056177108473710792719
-0.33623248982772041549
-0.22711779969350825992
0.24883317510113200921
0.4014434152949459822
-0.015999013151497348817
-0.40715977755107279901
0.11136061731480659254
0.34446362474237784967
-0.1563356018784951007
-0.072848693091889252238
-0.22663994708680032519
-0.060350676175137500656
0.20125113943998823585
0.68465488493633741562
0.012779411191163252831
-0.83833475939234791685
-0.22166656267977194461
0.47792061126925255987
0.32447731404080315532
0.062860648366738519632
-0.64359201099702267879
