#txt,maxent
13
chybi_infszu
chybi_podmet
chybi_sum
chybi_vfin
inf_po_vm_neni_na_konci
infszu_neni_na_konci
neshoda_podmet_prisudek
pp_bez_av
pp_neni_na_konci
root
vice_osob
vice_vfin
vv_sloveso_neni_na_konci
5
1
2
3
4
5
5 0 1 2 3 4 
5 0 1 2 3 4 
5 0 1 2 3 4 
5 0 1 2 3 4 
5 0 1 2 3 4 
5 0 1 2 3 4 
5 0 1 2 3 4 
5 0 1 2 3 4 
5 0 1 2 3 4 
5 0 1 2 3 4 
5 0 1 2 3 4 
5 0 1 2 3 4 
5 0 1 2 3 4 
65
-0.0265053835075142602
0.070145835165486988827
-0.035118968089891136608
0.0059128000016690869176
-0.014434283569750698886
-0.17449052317670879497
-0.022593309976257320432
0.12717762788435837962
0.039388120192736852943
0.030518085075873488399
-0.18812963386810963029
0.17096452617532051366
-0.032486340215874077997
0.026370890849461373767
0.023280557059200804315
0.01286627281611362611
0.12341200098609429736
-0.12454500001033957934
-0.018930029344945649428
0.0071967555530779627609
0.032130203548149480208
-0.090807201920929031536
0.17429919960354794961
-0.055043478939183744514
-0.060578722291584445603
0.002674514160715880072
-0.022902911293210460875
0.05651729646348435665
-0.0256822384015390065
-0.010606660929450773684
-0.12115408879995416547
-0.089888503934340141521
0.21036815979641035335
0.092577372617693109991
-0.091902939679805117912
0.0011376160458638877055
-0.048661114593836138353
0.14395046819843551611
-0.015573403543070817034
-0.080853566107392485507
-0.097431268812838367488
0.015170376327724097165
0.18548787353964138469
-0.03250570899930018548
-0.070721272055227504816
0.052155604203337285751
0.086424012847067160914
0.065720208878655927975
0.016387243047849674865
-0.22068706897690171242
0.023410891924503875877
0.10691268129748643378
-0.02139016192277963177
-0.054194302329539201235
-0.054739108969671664007
-0.089438455072317610273
-0.12271450733612683515
0.49161562178310558302
-0.1053324290176342326
-0.17413023035702526742
-0.12873056458563503224
0.12274245387649646011
0.19814386589804905414
-0.025351191456105193894
-0.16680456373280555527
