#txt,maxent
5
chybi_sum
neni_na_konci_sum
sum
sumr
vice_sum
5
1
2
3
4
5
5 0 1 2 3 4 
5 0 1 2 3 4 
5 0 1 2 3 4 
5 0 1 2 3 4 
5 0 1 2 3 4 
25
-0.063862074445238753428
0.083232057142873419608
-0.13721620356742120217
0.055568525811601619802
0.062277695058187171329
-0.02183534984845528909
-0.0034069595087662754053
0.13324708700562329367
-0.035555126759690310057
-0.072449650888711705776
-0.085346732359103755217
-0.015022656039648963483
0.12282796806626684882
0.038826590474379078788
-0.061285170141875768002
0.0097712899153808360775
0.071802520089079169274
0.06287809230151461537
0.0064618706140471687815
-0.15091377292002267074
0.017712419578742467224
-0.034863842087596914887
0.12520016091695099214
-0.056407337130155062177
-0.051641401277940590653
