#txt,maxent
17
chybi_infszu
chybi_podmet
chybi_sum
chybi_vfin
inf_po_vm_neni_na_konci
infszu_neni_na_konci
neni_na_konci_sum
neshoda_podmet_prisudek
pp_bez_av
pp_neni_na_konci
root
sum
sumr
vice_osob
vice_sum
vice_vfin
vv_sloveso_neni_na_konci
5
1
2
3
4
5
5 0 1 2 3 4 
5 0 1 2 3 4 
5 0 1 2 3 4 
5 0 1 2 3 4 
5 0 1 2 3 4 
5 0 1 2 3 4 
5 0 1 2 3 4 
5 0 1 2 3 4 
5 0 1 2 3 4 
5 0 1 2 3 4 
5 0 1 2 3 4 
5 0 1 2 3 4 
5 0 1 2 3 4 
5 0 1 2 3 4 
5 0 1 2 3 4 
5 0 1 2 3 4 
5 0 1 2 3 4 
85
-0.0062112727777720051076
0.020092681780341764552
-0.012324269425618358809
0.0018007121130574077223
-0.0033578516900087868914
-0.050618916829446927719
0.0021369816766091251012
-0.012249931403330745899
0.029007642933024449516
0.031724223623145073048
-0.053131178671104936639
0.071099290783758081758
-0.094807397307672014453
0.035322268490335075042
0.041517016704684286954
0.0036990109361139267979
0.048869627326806608369
-0.070233196478722295653
0.0045139134442535155251
0.013150644771547894546
0.016848041076556866114
-0.026514328412357065362
0.031423864882497473672
-0.01153858244693570928
-0.010218995099761598103
0.0020420441851770622897
-0.005916188089523429644
0.012235207063301953637
-0.0062040650471466710428
-0.0021569981118089122038
-0.020242976860031902664
0.0009995647887946531706
0.10416988862545813188
-0.026108693794431973856
-0.058817782759788321545
-0.025914609149303647478
-0.024149671485885759736
-0.0084383445003643874766
0.04930292242164568961
0.009199702713906908122
0.0084069648544622954667
-0.01420372319024076381
0.019047273582866137281
0.001882225535739370792
-0.015132740782827436982
-0.017115471009841974614
0.0025168307895015382125
0.033008972617211682077
-0.0051045421718878131179
-0.013305790224983576539
0.061351573433027065119
0.030637374838443410391
-0.033200694672641348215
-0.0074497069441531883066
-0.05133854665466585504
-0.079985694750205324488
0.012435423118395816725
0.11232659017204513208
0.020055260551453325812
-0.06483157909170049471
-0.018634121317174838495
0.043072797956839915801
0.079125895499384896192
0.012605553607302194888
-0.11617012574636619016
0.01574782979427976834
0.028474087234661996787
-0.024934335808503481358
-0.01145295738957112508
-0.0078346238308672211392
0.010896105075773911131
-0.021310037778027403343
0.092355169771762113395
-0.040343462101832566757
-0.041597774967675887892
-0.0048517247185058710868
-0.0497841250126900281
0.11728950558026560169
-0.028890504712261368819
-0.033763151136808652875
-0.022017591111923796171
0.030913250501173460127
0.027501844062446271361
-0.0032615041284619027129
-0.033135999323234251179
