#txt,maxent
6
chybi_sum
neni_na_konci_sum
root
sum
sumr
vice_sum
5
1
2
3
4
5
5 0 1 2 3 4 
5 0 1 2 3 4 
5 0 1 2 3 4 
5 0 1 2 3 4 
5 0 1 2 3 4 
5 0 1 2 3 4 
30
-0.05092513059109364526
0.069651985406571970127
-0.090476451199163657191
0.038289771336279865288
0.033459825047406278886
-0.018456853237051852601
-0.0022158913122606381345
0.098407805088837188578
-0.025387576441554579598
-0.052347484097969368411
0.05548094276946137493
0.030771890851172507136
-0.027843960252986191956
-0.0070538389788411155756
-0.051355034388810907875
-0.080510460810259434905
0.012468810516208076594
0.10880507847440729075
0.023922935131463582414
-0.06468636331182810173
-0.025029518040794722367
0.043240701367379369424
0.080961118221427957886
0.016869096152627518354
-0.11604139770063873205
0.0088756182081839302134
-0.024819609978006699352
0.093183263832466903254
-0.039668609215286421144
-0.03757066284735740419
